91013500
91022500
91030500
91031500
91047000
91052500
91054200
91055000
91057000
91073000
91078000
91118300
91121000
91123000
91134500
91137500
91139000
91139800
91142500
91144000
91162500
91169000
91170100
91181000
91187300
91195100
91333000
91350000
91350080
91350140
91365000
91411300
91413500
91414500
91415000
91423000
91434025
91435000
91439500
91440000
91440400
91451800
91466500
91484100
91485500
91486000
91487000
91491000
91510000
91516500
91518862
91532000
91539000
91542810
91543000
91543500
91544500
91545600
91547700
91548500
91549500
91550000
91552000
91552500
91557500
91567500
91568000
91580000
91583500
91586610
91591400
91594950
91596500
91605500
91606500
91613050
91620500
91632000
91632900
91634500
91638480
91639500
91644000
91658500
91664000
91666500
91667500
91669000
91669520
92011400
92011460
92013000
92014000
92015700
92016000
92017500
92018000
92027000
92027500
92028500
92038850
92046000
92051000
92051500
92053200
92053800
92055100
92056900
92059500
92064000
92065500
92069700
92070000
92074500
92077200
92081500
92082950
92092500
92096846
92102908
92108000
92111180
92111500
92112120
92112360
92118500
92125000
92128000
92137727
92140991
92143000
92143040
92149000
92152100
92177000
92178400
92193340
92196000
92198100
92202600
92212600
92215100
92216180
92221525
92231000
92231342
92235200
92245500
92246000
92296500
92297155
92297310
92298123
92298608
92299950
92300700
92310947
92312200
92314500
92315500
92324400
92327100
92342933
92349900
92350900
92361000
92363000
92369800
92371500
92372250
92374500
92381600
92384540
92395120
92408540
92415000
92422500
92427250
92430085
92430615
92450250
92464000
92464146
92464360
92465493
92469800
92472000
92472500
92479155
92479300
92479560
92481000
92481510
93010655
93011800
93015500
93021350
93026500
93028000
93049000
93049800
93050000
93066000
93069500
93070500
93076600
93078000
93140000
93144000
93159540
93161000
93164000
93165000
93170000
93173000
93180500
93182500
93186500
93187500
93213700
93237280
93237500
93238500
93241500
93280700
93281100
93281500
93285000
93291780
93300400
93338780
93340800
93346000
93357350
93364500
93366500
93368000
93384450
93439000
93450000
93455500
93456500
93460000
93463300
93471500
93473000
93479000
93488000
93498500
93500000
93500240
93504000
93574500
93592718
93604000
94015330
94024430
94027000
94040500
94043050
94045500
94056500
94057510
94057800
94059500
94063700
94074950
94105700
94115265
94122200
94122500
94124000
94127918
94127997
94161580
94185000
94196800
94197100
94197170
94213000
94213075
94216418
94221000
94224775
94233000
94256000
94296000
95056000
95057000
95057200
95062500
95087500
95120500
95123400
95129115
95131500
95291000
95362000
95393500
95399500
95408000
95412500
95413500
95414000
95444000
95454000
95458000
95466500
95487980
95488200
95489000
95495000
95495500
95501000
95503800
95507600
95508805
95514500
95525500
95556500
95584500
95585000
95591550
95592050
95592575
95593575
95593900
95595730
96037500
96043500
96154410
96188000
96191500
96221400
96224000
96278300
96280300
96289000
96291500
96311000
96332515
96339100
96339500
96344600
96350000
96352000
96353000
96354000
96360500
96404000
96406000
96408700
96409000
96431500
96440200
96441500
96447000
96447500
96450500
96452000
96453600
96464500
96468170
96468250
96470800
96477500
96479215
96479438
96601000
96614800
96622700
96623800
96632400
96746095
96784000
96803510
96803530
96814000
96847900
96853800
96876700
96878000
96879650
96885500
96888500
96889200
96889500
96892000
96903400
96906800
96910800
96911900
96917000
96918460
96919500
96921070
96921200
96934000
97014500
97056000
97057500
97060710
97066000
97067000
97068000
97071500
97083000
97142300
97145700
97148400
97149000
97151500
97167500
97180500
97184000
97195800
97196900
97197000
97208500
97226500
97261000
97263295
97290650
97291000
97292500
97295000
97299670
97301410
97301500
97315200
97315700
97335700
97340300
97346045
97359610
97362100
97362587
97373000
97375000
97376000
98013000
98014500
98023080
98025500
98029500
98050800
98066200
98066300
98070000
98070200
98079600
98082700
98086212
98086290
98101000
98103900
98104900
98109700
98150800
98155200
98158700
98158810
98164000
98164300
98164600
98165300
98171300
98175000
98176900
98178880
98189500
98190000
98190500
98194200
98195000
98196000
98198500
98200000
98202700
98267500
98269000
98271000
98324000
98377900
98378500
98380500
99034900
99035800
99035900
99047700
99065500
99066000
99066200
99066300
99081600
99107000
99210500
99223000
99306242
99312600
99352900
99378170
99378630
99386900
99404450
99430500
99430600
99447800
99480000
99484000
99484600
99492400
99494000
99497800
99497980
99505200
99505350
99505800
99508300
99510200
99512280
99513780
10023000
10166430
10172700
10172800
10173450
10205030
10234500
10242000
10244950
10249300
10258000
10258500
10259000
10259200
10263500
10310500
10316500
10329500
10336645
10336660
10336740
10343500
10348850
10396000
11098000
11124500
11141280
11143000
11148900
11151300
11162500
11176400
11180500
11180960
11224500
11230500
11237500
11253310
11264500
11266500
11274500
11274630
11284400
11299600
11381500
11383500
11451100
11468500
11473900
11475560
11476600
11478500
11480390
11481200
11482500
11522500
11523200
11528700
11532500
12010000
12013500
12020000
12025000
12025700
12035000
12040500
12041200
12043000
12048000
12054000
12056500
12073500
12082500
12092000
12095000
12114500
12115000
12115500
12117000
12141300
12143600
12144000
12145500
12147500
12147600
12167000
12175500
12178100
12186000
12189500
12358500
12374250
12375900
12377150
12381400
12383500
12388400
12390700
12411000
12414500
12447390
12451000
12488500
13011500
13011900
13018300
13023000
13083000
13161500
13235000
13240000
13310700
13313000
13331500
13337000
13338500
13340000
13340600
14020000
14092750
14096850
14137000
14138800
14138870
14138900
14139800
14141500
14154500
14158500
14158790
14166500
14182500
14185000
14185900
14187000
14216500
14222500
14236200
14301000
14303200
14305500
14306340
14306500
14308990
14309500
14316700
14325000
14362250
14400000
