7
10026301
10035801
10039802
10046105
10053009
10062000
10078000
10088003
105
106
1101
1109
1111
1118
1120
1122
1131
1137
1139
1140
11401009
11402001
11405000
11412107
11415008
11418250
11425200
11438015
1144
1145
1150
1151
11548007
1156
11582300
11584000
1159
11609000
1161
1162
1165
1166
1168
1169
1170
11723504
1174
1175
1177
1178
11805008
11809009
1181
11864007
11924007
11944004
120
12002009
12003001
12003500
12006000
12183005
12402007
12405005
12406008
12425002
12445000
125
129
13201000
13206004
13208000
13322005
13325502
13402807
13406105
13407902
13465002
139
13926207
14002305
14006000
14008006
14101205
14106504
14124007
14209008
144
14405200
14408004
14604002
14608003
151
15202300
15205501
15207507
15210206
15212700
15228008
15243001
15408000
16000708
16001303
16004006
16005701
16006500
16007004
16008506
162
16401006
16402009
16404900
16407002
16408504
16425004
16473
16475
16477
16602303
16605006
16606009
16607001
16610709
16612001
16613004
16618008
16646400
16665008
16686008
168
16825002
17095
17201501
17204204
17207508
17215007
17225000
17245507
173
17345002
17404000
17406005
17464001
177
18000403
18001508
18003004
18005000
18008008
18204006
18205985
18209000
18212004
18346000
18384509
18403002
18407003
18454003
18481006
18486000
18487501
185
18606000
18620500
18642003
18666001
18803805
18806406
19145208
192
194
196
200014
200048
200097
200105
200147
200154
200162
200196
200204
200212
200220
200246
200253
200261
200287
200303
200311
200329
200345
200360
200378
200394
200410
200428
200451
200493
200501
200527
200576
200584
200592
201012
201053
201087
201095
201111
201152
201160
201178
201194
201210
201236
201251
201319
201335
201350
201376
201392
201434
201459
201525
201558
201566
201574
201582
201624
201640
201657
201665
201681
201699
201715
201723
201749
201756
201772
201780
201806
201822
201830
201848
201863
201889
201897
201913
201921
201939
201947
201970
201996
202036
202093
202101
202127
202135
202143
202218
202226
202259
202275
202283
202382
202523
202549
202622
202630
202689
202697
203026
203034
203042
203067
203075
203083
203109
203125
203133
203141
203158
203166
203208
203224
203265
2033
203307
203315
203323
203364
203422
203430
203455
203463
203471
203489
203505
203521
203539
203547
203554
203596
203638
203661
203711
203737
203745
203752
203760
203778
203786
203794
203810
203828
203844
203851
203893
203919
203927
203968
203976
203984
203992
204008
204057
204297
204545
204586
204610
204636
204677
204685
204693
204701
204719
204727
204735
204750
204768
204784
204834
204867
204875
204883
204891
204917
204925
204933
204974
205013
205021
205047
205054
205088
205096
205104
205120
205146
205153
205179
205187
205203
205229
205278
205294
205336
205369
205377
205385
205393
205401
205419
205427
205435
205450
205468
205476
205500
205518
205534
205583
205633
205641
205658
205690
205732
205740
205757
205765
205773
205781
205799
205807
205815
205823
205831
205856
205864
205872
205898
205914
205922
205948
205971
205989
205997
206003
206029
206037
206052
206078
206086
206102
206151
206169
206177
206185
206201
206268
206292
206326
206375
206383
206409
206482
206508
206524
206540
206557
206573
206581
206599
206615
206656
206664
206680
206698
2067
206730
206748
206763
206771
206805
206813
206821
206839
206854
207035
207134
207241
207274
207290
207308
207324
207357
207373
207407
207613
207654
207688
207696
207704
207712
207720
207738
207746
207787
207795
207803
207811
207829
207837
207845
207852
207860
207878
207894
207902
207910
207936
207944
207951
207969
207977
207985
207993
208009
208017
208041
208058
208082
208090
208108
208116
208124
208140
208157
208272
208280
208306
208439
208454
208462
208520
208579
208611
208629
208652
208678
208686
208694
208702
208710
208736
208744
208769
208777
208785
208793
208819
208843
208868
208884
208892
208918
208926
209007
209130
209155
209171
209189
209197
209247
209262
209288
209338
209346
209361
209387
209403
209411
209445
209452
209460
209478
209486
209502
209510
209536
209544
209551
209569
209601
209627
209718
209734
209742
209759
209817
209882
210013
210039
210054
210062
210070
210088
210096
210203
210211
210229
210237
210245
210252
210260
210286
210294
210302
210310
210328
210401
210419
210468
210476
210484
2105
210526
210542
210559
210583
210625
210641
210732
210740
210773
210799
210815
210823
210856
210864
210880
210898
210955
210963
210971
210989
210997
211003
211011
211029
211037
211086
211102
211128
211136
211169
211193
211227
211243
211250
211268
211276
211292
211334
211342
211383
211391
211441
211458
211474
211490
211508
211573
211599
211623
211631
211649
211656
211664
211680
211698
211706
211722
211730
211763
211797
211805
211813
211854
211862
211870
211888
211896
211920
211953
211961
211995
212027
212043
212068
212076
212092
212100
212118
212126
212167
212183
212217
212225
212233
212316
212324
212357
212373
212381
212399
212431
212456
212472
212498
212522
212530
212597
212613
212647
212670
212704
212753
212761
212787
212837
212852
212860
212878
212886
212894
212928
212936
213009
213017
213025
213033
213041
213082
213090
213116
213124
213157
213173
213181
213199
213207
213215
213231
213256
213306
213314
213322
213330
213355
213363
213371
213389
213397
213405
213447
213454
213462
213496
213504
213538
213611
213686
213769
213777
213819
213827
213876
2139
213926
213934
213942
214031
2141
214254
214296
214304
214312
214338
214353
214395
214445
214536
214775
2150
215012
215020
215038
2187
2239
2256
2262
2263
2265
230078
230300
230342
230383
2304
230706
230755
230896
230904
230912
230938
231092
231662
231688
2319
2327
2355
2387
2410
2418
2430
2498
2602
2631
2971
299
301
305
309
310
314
317
320
322
323
324
326
328
330
333
3341
335
339
341
343
344
345
346
347
349
350
352
353
354
3551
358
359
361
362
364
365
366
369
371
372
373
374
375
377
378
379
380
383
385
386
389
390
391
392
3931
39399
394
3961
397
401
402
403
47834
47840
76175
76176
76184
76185
76266
76276
76290
